10
74.97 7.80 5 0.00 89.05 90.07 95.38 103.32 0.00 2000.00 2002.65 2008.24 2009.83
7.98 77.91 5 0.00 84.31 93.76 103.36 109.21 0.00 10.00 12.61 15.94 18.18
42.62 39.96 5 0.00 80.90 86.46 92.51 97.01 0.00 0.00 0.94 4.71 5.99
26.23 27.66 5 0.00 81.34 105.54 107.84 108.00 0.00 0.00 4.08 5.31 6.54
45.23 47.98 5 0.00 101.25 108.73 112.80 118.75 0.00 0.00 4.23 6.11 7.79
67.29 22.85 5 0.00 83.63 86.15 90.66 91.24 0.00 1000.00 1004.57 1005.18 1008.75
71.08 52.97 5 0.00 89.63 105.51 117.74 118.31 0.00 0.00 0.68 6.72 6.95
31.70 41.42 5 0.00 88.96 90.19 106.71 113.78 0.00 2000.00 2000.07 2006.02 2006.75
43.34 100.00 5 0.00 80.05 95.47 98.50 116.64 0.00 0.00 3.22 7.70 7.85
56.34 77.77 5 0.00 81.43 87.03 98.85 108.87 0.00 0.00 1.92 3.41 6.07
30
61.77 79.24 9.43
44.82 72.44 4.18
47.71 57.81 9.83
95.64 38.08 3.01
4.83 38.91 7.01
100.00 78.00 6.66
59.88 18.54 5.39
73.93 52.20 6.98
17.43 11.40 6.67
40.21 74.36 1.78
46.83 71.00 1.28
61.69 52.75 9.99
17.31 51.22 1.71
62.72 0.00 0.33
27.00 65.05 5.61
54.13 6.23 8.82
66.56 3.54 6.69
59.66 54.42 1.90
75.68 32.61 3.69
74.06 61.45 4.61
38.92 67.08 9.82
58.17 70.91 1.56
32.70 38.07 8.56
24.69 62.25 6.45
72.33 54.86 3.76
52.72 70.24 1.91
51.56 64.09 4.28
72.04 71.76 4.82
65.33 49.93 1.21
60.15 49.60 5.90
