5
59.82 100.00 6 0.00 85.99 106.38 108.90 112.70 112.73 0.00 1000.00 1004.32 1004.54 1006.49 1008.00
42.01 57.84 6 0.00 83.34 85.33 86.94 95.64 113.01 0.00 100.00 100.60 103.99 104.17 105.27
45.05 72.61 6 0.00 80.62 91.68 97.27 105.12 106.27 0.00 0.00 1.06 1.98 3.72 4.90
95.42 13.24 6 0.00 82.11 93.58 109.51 116.81 118.07 0.00 0.00 4.18 5.48 9.43 9.83
0.00 37.17 6 0.00 92.06 101.57 106.65 107.92 108.04 0.00 0.00 0.33 1.28 1.71 9.99
30
45.52 65.17 9.44
56.31 61.57 6.38
45.76 22.53 9.58
21.86 50.60 2.41
32.11 29.99 6.76
40.16 35.78 2.89
77.81 29.71 6.72
22.89 19.02 6.95
61.51 21.76 0.68
50.34 38.17 2.55
37.60 3.22 2.24
18.28 57.35 6.68
36.42 40.33 8.44
41.06 59.50 3.44
8.60 49.42 7.81
47.60 54.69 6.75
23.79 8.28 0.07
40.88 19.14 6.02
50.98 32.60 3.87
21.86 45.67 9.16
36.33 69.59 0.01
51.31 36.29 4.62
0.00 72.70 4.24
67.41 54.25 4.61
100.00 70.65 7.70
65.61 46.07 3.22
35.68 27.67 7.85
53.15 8.32 4.71
18.77 46.74 0.36
87.17 62.31 1.76