8
49.64 57.84 5 0.00 104.39 104.71 112.22 114.38 0.00 0.00 0.29 2.40 8.87
55.50 72.61 5 0.00 86.72 99.60 108.51 119.15 0.00 0.00 0.42 0.60 6.82
59.82 13.24 5 0.00 82.86 83.87 100.87 112.73 0.00 100.00 101.50 105.19 106.60
42.01 37.17 5 0.00 98.15 105.96 112.01 118.92 0.00 1000.00 1000.83 1001.33 1001.73
45.05 44.13 5 0.00 82.42 95.64 112.13 113.26 0.00 1000.00 1004.17 1006.28 1006.57
95.42 59.74 5 0.00 80.62 91.68 97.27 119.36 0.00 0.00 1.98 3.72 4.90
0.00 13.11 5 0.00 82.11 93.58 116.81 118.07 0.00 0.00 4.23 5.48 9.43
100.00 60.83 5 0.00 92.06 96.71 108.04 119.32 0.00 100.00 101.78 106.67 106.98
15
99.99 65.65 1.07
92.03 0.00 6.54
60.42 55.52 4.94
32.87 92.20 7.79
55.78 42.36 7.15
62.02 85.53 9.04
71.34 72.94 8.91
59.74 64.75 3.34
74.95 69.32 6.99
73.84 31.60 1.98
38.39 63.56 0.31
44.92 100.00 7.44
49.39 67.50 5.00
54.42 66.27 4.80
58.46 49.53 9.05
