7
0.00 22.59 5 0.00 83.86 89.67 95.59 96.16 0.00 2000.00 2000.60 2005.75 2009.56
53.41 100.00 5 0.00 80.62 89.39 94.13 112.85 0.00 0.00 6.48 6.49 7.32
38.63 75.55 5 0.00 91.85 98.04 101.88 109.79 0.00 2000.00 2001.84 2003.68 2006.26
14.93 55.13 5 0.00 83.25 111.03 111.21 117.18 0.00 0.00 3.06 4.47 5.09
80.51 65.26 5 0.00 100.43 105.77 111.79 112.71 0.00 1000.00 1003.51 1005.33 1009.39
73.41 56.30 5 0.00 102.01 103.48 104.90 115.04 0.00 0.00 2.30 4.71 8.44
65.59 9.49 5 0.00 86.83 87.79 89.04 89.11 0.00 0.00 1.85 4.30 9.23
15
6.81 61.42 2.40
59.03 44.83 1.23
24.78 70.84 1.84
44.36 3.52 2.40
31.58 38.46 4.17
48.39 18.44 0.50
30.48 100.00 9.03
52.08 58.73 9.45
57.03 69.70 4.91
76.30 21.41 4.89
38.53 33.09 3.38
0.00 36.97 9.00
25.74 64.14 3.69
69.22 36.87 1.11
21.13 56.28 7.80
