7
0.00 23.39 7 0.00 83.60 84.47 85.45 99.81 101.36 107.15 0.00 0.00 0.55 1.48 5.61 8.51 9.30
35.35 92.18 7 0.00 80.02 103.31 107.87 112.62 115.16 119.56 0.00 100.00 102.28 104.80 105.28 108.01 109.90
27.66 23.82 7 0.00 99.92 102.99 103.44 109.55 113.81 116.03 0.00 2000.00 2000.83 2006.26 2006.61 2007.30 2008.91
29.01 55.78 7 0.00 80.68 103.20 103.26 110.76 117.13 119.29 0.00 2000.00 2002.09 2004.84 2005.52 2006.30 2008.45
92.68 92.09 7 0.00 81.28 81.98 87.70 94.50 99.58 104.59 0.00 0.00 0.43 1.47 1.89 2.82 6.35
34.09 28.77 7 0.00 84.96 97.81 99.96 101.43 101.54 107.81 0.00 1000.00 1002.08 1002.70 1005.65 1006.40 1008.74
100.00 27.66 7 0.00 83.28 84.23 85.68 88.24 96.68 117.92 0.00 2000.00 2000.52 2005.74 2007.29 2007.38 2009.31
20
25.51 39.98 7.90
10.42 56.29 9.49
26.08 56.51 3.28
27.12 52.65 6.71
41.60 37.76 4.39
47.42 24.28 8.34
46.32 58.06 7.69
63.00 21.64 1.67
59.66 28.46 8.62
67.61 80.34 9.90
90.15 41.92 5.14
77.96 48.04 8.84
22.95 70.87 5.88
0.00 44.53 1.55
70.91 73.71 2.00
10.83 43.54 4.07
52.58 73.35 7.49
51.90 64.93 8.26
100.00 46.44 7.90
49.60 32.12 3.19
